ds = 1
k=30
bins = 2,1

cM =

   331     2
     4   329


acc =

    0.9910

------------------

ds = 2
k = 1
bins = 2,1

cM =

   333     0
     0   333


acc =

     1

------------------
ds = 3
k = 1
bins = 2,1

cM =

   221     0     1
     0   222     0
     0     0   222


acc =

    0.9985
-------------------
ds = 4
k = 4
bins = 2,1

cM =

   183     0     0     0     1     0     0     0     0     0
     0   183     0     0     0     0     0     0     0     1
     0     0   184     0     0     0     0     0     0     0
     0     0     1   178     0     2     0     2     1     0
     1     0     0     0   178     0     2     1     0     2
     0     0     0     1     0   179     0     0     1     3
     0     0     0     0     0     0   184     0     0     0
     0     0     0     1     0     0     0   182     0     1
     0     7     0     1     0     0     0     0   176     0
     0     0     0     2     0     0     0     0     0   182


acc =

    0.9832